Min,N/A,0.0,0.0,0.0,0.0,0.0,0.0,0.12,0.0
Max,N/A,343.0,128.0,1000.0,1.0,1000.0,1000.0,4209.38,8.73
Median,N/A,0.0,0.0,10.0,0.01,971.5,1.5,35.61,2.78
Average,N/A,0.61,1.03,89.1,0.22,812.63,153.57,72.19,2.42
Sum,N/A,586.0,986.0,84999.0,209.46,775250.0,146509.0,68725.2,2208.38
Min,N/A,0.0,0.0,0.0,0.0,210.0,0.0,16.83,0.13
Max,N/A,20.0,16.0,1000.0,1.0,1000.0,1000.0,3024.44,10.58
Median,N/A,0.0,0.0,140.5,0.0,1000.0,0.0,53.16,3.92
Average,N/A,0.05,0.05,183.7,0.03,997.14,29.91,67.37,3.81
Sum,N/A,52.0,48.0,175248.0,28.78,951276.0,28531.0,64070.12,3569.7
Min,N/A,0.0,0.0,0.0,0.0,856.0,0.0,17.62,0.14
Max,N/A,187.0,24.0,1000.0,1.0,1000.0,1000.0,3157.87,9.41
Median,N/A,0.0,0.0,217.0,0.0,1000.0,0.0,53.34,4.03
Average,N/A,0.43,0.06,182.66,0.03,998.07,30.6,67.02,3.92
Sum,N/A,388.0,58.0,163849.0,27.91,895272.0,27449.0,60115.86,3457.72
Min,N/A,0.0,0.0,0.0,0.0,0.0,0.0,0.12,0.01
Max,N/A,184.0,42.0,1000.0,1.0,1000.0,1000.0,2982.47,6.68
Median,N/A,0.0,0.0,45.0,0.0,999.0,2.0,38.34,3.56
Average,N/A,0.94,0.42,114.77,0.1,946.8,87.38,52.21,3.35
Sum,N/A,844.0,377.0,103293.0,91.03,852122.0,78644.0,46624.25,2859.86
