Min,N/A,0.0,0.0,0.0,0.0,0.0,0.0,0.2,0.0
Max,N/A,849.0,176.0,935.0,1.0,1000.0,1000.0,8560.22,11.61
Median,N/A,0.0,0.0,3.0,0.0,1000.0,0.0,28.61,3.3
Average,N/A,20.71,0.9,13.63,0.19,928.0,179.01,252.97,2.95
Sum,N/A,8368.0,362.0,5508.0,74.58,374912.0,72319.0,101189.31,1152.72
Min,N/A,0.0,0.0,0.0,0.0,465.0,0.0,7.65,0.22
Max,N/A,145.0,35.0,415.0,1.0,1000.0,1000.0,1482.51,13.21
Median,N/A,0.0,0.0,3.0,0.0,1000.0,0.0,32.62,4.28
Average,N/A,2.38,0.12,10.67,0.06,977.76,58.43,54.05,4.56
Sum,N/A,962.0,48.0,4309.0,23.94,395015.0,23607.0,21834.55,1818.13
Min,N/A,0.0,0.0,0.0,0.0,308.0,0.0,6.88,0.01
Max,N/A,489.0,32.0,442.0,1.0,1000.0,1000.0,4939.55,14.19
Median,N/A,0.0,0.0,2.0,0.0,1000.0,0.0,31.64,3.82
Average,N/A,7.71,0.15,10.74,0.13,975.44,124.27,112.59,3.78
Sum,N/A,3115.0,60.0,4340.0,50.91,394076.0,50206.0,45484.75,1507.9
Min,N/A,0.0,0.0,0.0,0.0,0.0,0.0,0.23,0.02
Max,N/A,274.0,248.0,927.0,1.0,1000.0,1000.0,2785.04,8.78
Median,N/A,0.0,0.0,3.0,0.0,1000.0,0.0,28.22,3.74
Average,N/A,7.67,1.25,13.83,0.09,955.75,87.32,116.85,3.88
Sum,N/A,3099.0,507.0,5587.0,36.2,386124.0,35278.0,46622.95,1513.56
