Min,N/A,0.0,0.0,0.0,0.0,0.0,0.0,0.16,0.01
Max,N/A,515.0,735.0,1000.0,1.0,1000.0,1000.0,7390.76,12.22
Median,N/A,0.0,0.0,4.0,0.08,1000.0,23.0,55.68,3.58
Average,N/A,0.78,7.52,90.46,0.34,902.77,304.52,140.32,3.27
Sum,N/A,712.0,6884.0,82769.0,310.45,826032.0,278636.0,127130.14,2595.12
Min,N/A,0.0,0.0,0.0,0.0,464.0,0.0,9.42,0.01
Max,N/A,0.0,550.0,1000.0,1.0,1000.0,1000.0,5536.48,13.95
Median,N/A,0.0,0.0,13.0,0.0,1000.0,2.5,47.64,4.75
Average,N/A,0.0,4.44,103.53,0.15,979.28,139.7,92.22,4.56
Sum,N/A,0.0,4047.0,94421.0,136.96,893104.0,127408.0,84107.31,3893.8
Min,N/A,0.0,0.0,0.0,0.0,243.0,0.0,7.54,0.01
Max,N/A,0.0,920.0,1000.0,1.0,1000.0,1000.0,9234.22,10.38
Median,N/A,0.0,0.0,9.0,0.01,1000.0,9.0,53.75,4.36
Average,N/A,0.0,7.39,89.06,0.26,974.48,251.68,130.25,3.78
Sum,N/A,0.0,6744.0,81227.0,240.81,888730.0,229531.0,118786.34,3222.12
Min,N/A,0.0,0.0,0.0,0.0,0.0,0.0,0.18,0.01
Max,N/A,473.0,609.0,1000.0,1.0,1000.0,1000.0,6146.72,13.39
Median,N/A,0.0,0.0,4.0,0.04,1000.0,23.0,56.06,4.06
Average,N/A,1.01,9.78,107.2,0.3,945.61,264.84,163.34,3.8
Sum,N/A,928.0,8947.0,98092.0,269.66,865232.0,242328.0,147989.4,3016.3
